00000000000000000000000000000000000000000000000000000000000000000
00000000000000000000000000000000000000000000000000000000000000000
00000000000000000000000000000111000011110000000000000000000000000
00000000000000000000000000001111011011100000000000000000000000000
00000000000000000000000000001111111111110000000000000000000000000
00000000000000000000000000001111111111110000000000000000000000000
00000000000000000000011110001111111111110000000000000000000000000
00000000000000000000011111111111111111111111111111000000000000000
00000000000011111111111111111111100111111111111111110000000000000
00000000000111111111111100001111000111100001211111110000000000000
00000000000111111100000000000110000001100001111111110000000000000
00000000000111111100000000000110000001100000000000110000000000000
00000000000111111100000000000110000001100000000000110000000000000
00000000000111111111111111111111111111110111111000110000000000000
00000000000111112111111111111111111111111111111001111000000000000
00000000000111111000011131111111131111111131111001111000000000000
00000000000110000000011111111111111011111101111001111100000000000
00000000000110000000010011111111111111111101111001111100000000000
00000000000110000000011111111111111111111111111001111100000000000
00000000000111111100011111111111111111111111111001111100000000000
00000111111111111100011111111111111111111111111001111111111111000
00000111111111111100011111111111111111111111111001111111111111100
00001111111111111100011111111111111110111111101001111100011111100
00001111111111111100011111111110000001111111110001112100011111100
00001111111111111111111111111110000001111111111001111100011111100
00001111111111111111111111111110000001111111311000011000011111100
00001111111111111100011311111110000001111111111000011000011111000
00001100011000000000011111111110000001111111111000011000001100000
00001100011000000000011111111110000001111111111000111000001100000
00001100011000000000011111111111111111111111111111111100001100000
00111110011111100000011111111111111111111111111111111111111100000
00111110011111100000011111111111111111111101111000111111111100000
00111110011111100000011111111111111111111111111000111111111100000
00111110011111100000011011111111111111111111111000011111111100000
00111110000001100000011111111111111111111111111000000110000000000
00111100000001100000011111111110111111111111111000000110000000000
00111110000001100000011113110111113111111113111000000110000000000
00111110001111111110011101111111111111111111111000001110000000000
00121111111111111110011111111111111111111111110000001110000000000
00111111111111111110000000000000000110000000110000011110000000000
00000000001111111110000000000000000110000000110000011110000000000
00000000001111111110000000000000000110000000110000011110000000000
00000000001111111111011100001111111111100011111110000110000000000
00000000001111111111111210000111111111000011111110000110000000000
00000000000000000111111110001111111111111111111111000110000000000
00000000000000000111111110001111111111111111111111111110000000000
00000000000000000111111111111111111111100011111111111110000000000
00000000000000000111111111111111111111000000000000000000000000000
00000000000000000000000000000000000000000000000000000000000000000
00000000000000000000000000000000000000000000000000000000000000000