00000000000000000000000000000000000000000000000000000000000000000
01111000000000000000000000000000000000000000000000000000000011110
01211100000000000000000000000000000000000000000000000000000111210
01111111111000000000000000000000000000000000000000000011111111110
01111111111000111111111111111000000011111111111111100011111111110
01111111111001111111111111111100000111111111111111110011111111110
01111111111011111111111111111110001111111111111111111011111111110
01111110000111111111111111111111111111111111111111111100001111110
01111100000111111111111111111111111111111111111111111100000111110
01111100000111111112111111111111111111111111121111111100000111110
01111100000111111111111111111111111111111111111111111100000111110
01111100000111111111111111111111111111111111111111111100000111110
01111100000001111111111111111111111111111111111111110000000111110
01111100110001111111111111111111111111111111111111110001100111110
00111000110000000000000000000001110000000000000000000001100011100
00111000110001111111111111111111111111111111111111110001100011100
00000001111111111111111111111111111111111111111111111111110000000
00000001111111111111111111111111211111111111111111111111110000000
00000001111111111111111111111111111111111111111111111111110000000
00111000110001111111111111111111111111111111111111110001100011100
00111000110000000000000000000001110000000000000000000001100011100
01111100110001111111111111111111111111111111111111110001100111110
01111100000001111111111111111111111111111111111111110000000111110
01111100000111111111111111111111111111111111111111111100000111110
01111100000111111111111111111111111111111111111111111100000111110
01111100000111111112111111111111111111111111121111111100000111110
01111100000111111111111111111111111111111111111111111100000111110
01111110000111111111111111111110001111111111111111111100001111110
01111111111011111111111111111110001111111111111111111011111111110
01111111111001111111111111111100000111111111111111110011111111110
01111111111000111111111111111000000011111111111111100011111111110
01111111111000000000000000000000000000000000000000000011111111110
01211100000000000000000000000000000000000000000000000000000111210
01111000000000000000000000000000000000000000000000000000000011110
10000000000000000000000000000000000000000000000000000000000000000
