3 3 3 3 3 3 3 3 3 3 3 3 3 3 3 3 3 3 3 3 0 0 0 0 0 0 0 0 0 0 0 0 0 0 0 3 3 3 3 3 3 3 3 3 3 3 3 3 3 3
3 5 5 5 5 5 5 5 5 5 5 5 5 3 3 3 2 2 2 3 0 0 0 3 0 0 0 3 0 0 0 3 0 0 0 3 2 2 2 3 3 3 6 6 6 6 6 6 6 3
3 5 5 5 5 5 5 5 5 5 5 5 5 2 2 2 2 2 2 3 0 0 0 0 0 0 0 0 0 0 0 0 0 0 0 3 2 2 2 3 3 3 6 6 6 6 6 6 6 3
3 5 5 5 5 5 5 5 5 5 5 5 5 2 2 2 2 2 2 3 3 3 3 3 3 3 3 3 3 3 3 3 3 3 3 3 2 2 2 3 3 3 6 6 6 6 6 6 6 3
3 5 5 5 5 5 5 5 5 5 5 5 5 3 3 3 2 2 2 2 2 2 2 2 2 2 2 2 2 2 2 2 2 2 2 2 2 2 2 3 3 3 6 6 6 6 6 6 6 3
3 5 5 5 5 5 5 5 5 5 5 5 5 3 3 3 2 2 2 2 2 2 2 2 2 2 2 2 2 2 2 2 2 2 2 2 2 2 2 3 3 3 6 6 6 6 6 6 6 3
3 5 5 5 5 5 5 5 5 5 5 5 5 3 3 3 2 2 2 2 2 2 2 2 2 2 2 2 2 2 2 2 2 2 2 2 2 2 2 3 3 3 6 6 6 6 6 6 6 3
3 5 5 5 5 5 5 5 5 5 5 5 5 3 3 3 2 2 2 3 3 3 3 3 3 3 3 3 3 3 3 3 3 3 3 3 2 2 2 6 6 6 6 6 6 6 6 6 6 3
3 5 5 5 5 5 5 5 5 5 5 5 5 3 3 3 2 2 2 3 0 0 0 0 0 0 0 0 0 0 0 0 0 0 0 3 2 2 2 6 6 6 6 6 6 6 6 6 6 3
3 5 5 5 5 5 5 5 5 5 5 5 5 3 3 3 2 2 2 3 0 0 0 3 0 0 0 3 0 0 0 3 0 0 0 3 2 2 2 3 3 3 6 6 6 6 6 6 6 3
3 5 5 5 5 3 3 3 3 3 3 3 3 3 3 3 3 3 3 3 0 0 0 0 0 0 0 0 0 0 0 0 0 0 0 3 3 3 3 3 3 3 3 3 3 6 6 6 6 3
3 5 5 5 5 3 3 3 3 3 3 3 3 3 3 3 3 3 3 3 3 3 3 3 3 3 3 3 3 3 3 3 3 3 3 3 3 3 3 3 3 3 3 3 3 6 6 6 6 3
3 5 5 5 5 3 3 3 3 3 3 3 3 3 3 3 3 3 3 3 3 3 3 3 3 3 3 3 3 3 3 3 3 3 3 3 3 3 3 3 3 3 3 3 3 6 6 6 6 3
3 5 5 5 5 2 2 2 2 2 2 2 2 2 2 2 2 2 2 2 2 2 2 2 2 2 2 2 2 2 2 2 2 2 2 2 2 2 2 2 2 2 3 3 3 6 6 6 6 3
3 5 5 5 5 2 2 2 2 2 2 2 2 2 2 2 2 2 2 2 2 2 2 2 2 2 2 2 2 2 2 2 2 2 2 2 2 2 2 2 2 2 3 3 3 6 6 6 6 3
3 5 5 5 5 2 2 2 2 2 2 2 2 2 2 2 2 2 2 2 2 2 2 2 2 2 2 2 2 2 2 2 2 2 2 2 2 2 2 2 2 2 3 3 3 6 6 6 6 3
3 5 5 5 5 3 3 3 3 3 3 3 3 3 3 3 3 3 3 3 3 3 3 3 3 3 3 3 3 2 2 2 3 3 3 3 3 3 3 2 2 2 3 3 3 6 6 6 6 3
3 5 5 5 5 3 3 3 3 3 3 3 3 3 3 3 3 3 3 3 3 3 3 3 3 3 3 3 3 2 2 2 3 3 3 3 3 3 3 2 2 2 3 3 3 6 6 6 6 3
3 5 5 5 5 3 3 3 3 3 3 3 3 3 3 3 3 3 3 3 3 3 3 3 3 3 3 3 3 2 2 2 3 3 3 3 3 3 3 2 2 2 3 3 3 6 6 6 6 3
3 5 5 5 5 3 3 3 2 9 2 3 3 3 2 2 2 2 2 2 2 2 2 2 2 2 2 2 2 2 2 2 2 2 2 2 3 3 3 2 2 2 3 3 3 6 6 6 6 3
3 5 5 5 5 3 3 3 2 2 2 3 3 3 2 2 2 2 2 2 2 2 2 2 2 2 2 2 2 2 2 2 2 2 2 2 3 3 3 2 2 2 3 3 3 6 6 6 6 3
3 5 5 5 5 3 3 3 2 2 2 3 3 3 2 2 2 2 2 2 2 2 2 2 2 2 2 2 2 2 2 2 2 2 2 2 2 2 2 2 2 2 3 3 3 6 6 6 6 3
3 5 5 5 5 3 3 3 2 2 2 2 2 2 2 2 2 2 2 2 2 2 2 2 2 2 2 2 2 2 2 2 2 2 2 2 2 2 2 2 2 2 3 3 3 6 6 6 6 3
3 5 5 5 5 3 3 3 2 2 2 2 2 2 2 2 2 2 2 2 2 2 2 2 2 2 2 2 2 2 2 2 2 2 2 2 2 2 2 2 2 2 3 3 3 6 6 6 6 3
3 5 5 5 5 3 3 3 2 2 2 2 2 2 2 2 2 2 2 2 2 2 2 2 2 2 2 2 2 2 2 2 2 2 2 2 3 3 3 2 2 2 3 3 3 6 6 6 6 3
3 5 5 5 5 3 3 3 2 2 2 3 3 3 2 2 2 2 2 2 2 2 2 2 2 2 2 2 2 2 2 2 2 2 2 2 3 3 3 2 2 2 3 3 3 6 6 6 6 3
3 5 5 5 5 3 3 3 2 2 2 3 3 3 2 2 2 2 2 2 2 2 2 2 2 2 2 2 2 2 2 2 2 2 2 2 3 3 3 2 9 2 3 3 3 6 6 6 6 3
3 5 5 5 5 3 3 3 2 2 2 3 3 3 3 3 3 3 2 2 2 3 3 3 3 3 3 3 3 3 3 3 3 3 3 3 3 3 3 3 3 3 3 3 3 6 6 6 6 3
3 5 5 5 5 3 3 3 2 2 2 3 3 3 3 3 3 3 2 2 2 3 3 3 3 3 3 3 3 3 3 3 3 3 3 3 3 3 3 3 3 3 3 3 3 6 6 6 6 3
3 5 5 5 5 3 3 3 2 2 2 3 3 3 3 3 3 3 2 2 2 3 3 3 3 3 3 3 3 3 3 3 3 3 3 3 3 3 3 3 3 3 3 3 3 6 6 6 6 3
3 5 5 5 5 3 3 3 2 2 2 2 2 2 2 2 2 2 2 2 2 2 2 2 2 2 2 2 2 2 2 2 2 2 2 2 2 2 2 2 2 2 2 2 2 6 6 6 6 3
3 5 5 5 5 3 3 3 2 2 2 2 2 2 2 2 2 2 2 2 2 2 2 2 2 2 2 2 2 2 2 2 2 2 2 2 2 2 2 2 2 2 2 2 2 6 6 6 6 3
3 5 5 5 5 3 3 3 2 2 2 2 2 2 2 2 2 2 2 2 2 2 2 2 2 2 2 2 2 2 2 2 2 2 2 2 2 2 2 2 2 2 2 2 2 6 6 6 6 3
3 5 5 5 5 3 3 3 3 3 3 3 3 3 3 3 3 3 3 3 3 3 3 3 3 3 3 3 3 3 3 3 3 3 3 3 3 3 3 3 3 3 3 3 3 6 6 6 6 3
3 5 5 5 5 3 3 3 3 3 3 3 3 3 3 3 3 3 3 3 3 3 3 3 3 3 3 3 3 3 3 3 3 3 3 3 3 3 3 3 3 3 3 3 3 6 6 6 6 3
3 5 5 5 5 3 3 3 3 3 3 3 3 3 3 0 0 0 0 0 0 0 0 0 0 0 0 0 0 0 3 3 3 3 3 3 3 3 3 3 3 3 3 3 3 6 6 6 6 3
3 5 5 5 5 5 5 5 3 3 3 2 2 2 3 0 0 0 3 0 0 0 3 0 0 0 3 0 0 0 3 2 2 2 3 3 3 6 6 6 6 6 6 6 6 6 6 6 6 3
3 5 5 5 5 5 5 5 5 5 5 2 2 2 3 0 0 0 0 0 0 0 0 0 0 0 0 0 0 0 3 2 2 2 3 3 3 6 6 6 6 6 6 6 6 6 6 6 6 3
3 5 5 5 5 5 5 5 5 5 5 2 2 2 3 3 3 3 3 3 3 3 3 3 3 3 3 3 3 3 3 2 2 2 3 3 3 6 6 6 6 6 6 6 6 6 6 6 6 3
3 5 5 5 5 5 5 5 3 3 3 2 2 2 2 2 2 2 2 2 2 2 2 2 2 2 2 2 2 2 2 2 2 2 3 3 3 6 6 6 6 6 6 6 6 6 6 6 6 3
3 5 5 5 5 5 5 5 3 5 3 2 2 2 2 2 2 2 2 2 2 2 2 2 2 2 2 2 2 2 2 2 2 2 3 3 3 6 6 6 6 6 6 6 6 6 6 6 6 3
3 5 5 5 5 5 5 5 3 5 3 2 2 2 2 2 2 2 2 2 2 2 2 2 2 2 2 2 2 2 2 2 2 2 3 3 3 6 6 6 6 6 6 6 6 6 6 6 6 3
3 5 5 5 5 5 5 5 3 5 3 2 2 2 3 3 3 3 3 3 3 3 3 3 3 3 3 3 3 3 3 2 2 2 2 2 2 6 6 6 6 6 6 6 6 6 6 6 6 3
3 5 5 5 5 5 5 5 3 5 3 2 2 2 3 0 0 0 0 0 0 0 0 0 0 0 0 0 0 0 3 2 2 2 2 2 2 6 6 6 6 6 6 6 6 6 6 6 6 3
3 5 5 5 5 5 5 5 3 5 3 2 2 2 3 0 0 0 3 0 0 0 3 0 0 0 3 0 0 0 3 2 2 2 3 3 3 6 6 6 6 6 6 6 6 6 6 6 6 3
3 3 3 3 3 3 3 3 3 5 3 3 3 3 3 0 0 0 0 0 0 0 0 0 0 0 0 0 0 0 3 3 3 3 3 3 3 3 3 3 3 3 3 3 3 3 3 3 3 3